[gd_scene load_steps=6 format=3 uid="uid://b23wlc38ij0fk"]

[ext_resource type="Script" path="res://dicegame.gd" id="1_rvvc2"]
[ext_resource type="PackedScene" uid="uid://duphwy5wms0n7" path="res://dice.tscn" id="2_niwhf"]
[ext_resource type="Script" path="res://Roof.gd" id="3_yowlc"]

[sub_resource type="ORMMaterial3D" id="ORMMaterial3D_ox4mg"]
albedo_color = Color(0.262745, 1, 1, 1)

[sub_resource type="BoxMesh" id="BoxMesh_1dao2"]
material = SubResource("ORMMaterial3D_ox4mg")

[node name="DiceGame" type="Node3D"]
script = ExtResource("1_rvvc2")

[node name="Camera3D" type="Camera3D" parent="."]
transform = Transform3D(1, 0, 0, 0, 0.675423, 0.737431, 0, -0.737431, 0.675423, 0.142041, 9.37295, 9.29837)

[node name="Dice1" parent="." instance=ExtResource("2_niwhf")]
transform = Transform3D(-0.0569869, 0.705458, -0.706457, -0.0106285, -0.707995, -0.706137, -0.998318, -0.032732, 0.0478444, -2.899, 4.5, 5.147)
mass = 2.0
gravity_scale = 2.0

[node name="Dice2" parent="." instance=ExtResource("2_niwhf")]
transform = Transform3D(-0.0569868, 0.705458, -0.706456, -0.0106285, -0.707995, -0.706137, -0.998318, -0.032732, 0.0478444, 2.996, 4.5, 5.147)
mass = 2.0
gravity_scale = 2.0

[node name="Floor" type="CSGBox3D" parent="."]
transform = Transform3D(20.6967, 0, 0, 0, 0.0934659, 0, 0, 0, 44.4366, 0, -0.320759, 0)
use_collision = true

[node name="MeshInstance3D" type="MeshInstance3D" parent="Floor"]
mesh = SubResource("BoxMesh_1dao2")

[node name="Roof" type="CSGBox3D" parent="."]
transform = Transform3D(20.6967, 0, 0, 0, 0.0934659, 0, 0, 0, 44.4366, 0, 18.5481, 0)
use_collision = true
script = ExtResource("3_yowlc")

[node name="MeshInstance3D" type="MeshInstance3D" parent="Roof"]
mesh = SubResource("BoxMesh_1dao2")

[node name="Wall" type="CSGBox3D" parent="."]
transform = Transform3D(20.6967, 0, 0, 0, 15.8536, 0, 0, 0, 0.50233, 0, 5.53204, -16.3709)
use_collision = true

[node name="MeshInstance3D" type="MeshInstance3D" parent="Wall"]
mesh = SubResource("BoxMesh_1dao2")

[node name="Wall4" type="CSGBox3D" parent="."]
transform = Transform3D(20.6967, 0, 0, 0, 15.8536, 0, 0, 0, 0.50233, 0, 5.53204, 10.0375)
visible = false
use_collision = true

[node name="MeshInstance3D" type="MeshInstance3D" parent="Wall4"]
mesh = SubResource("BoxMesh_1dao2")

[node name="Wall2" type="CSGBox3D" parent="."]
transform = Transform3D(-2.08077e-06, 0, -0.50233, 0, 15.8536, 0, 47.6024, 0, -2.19575e-08, 8.49175, 5.53204, -3.45923)
use_collision = true

[node name="MeshInstance3D" type="MeshInstance3D" parent="Wall2"]
mesh = SubResource("BoxMesh_1dao2")

[node name="Wall3" type="CSGBox3D" parent="."]
transform = Transform3D(-2.08077e-06, 0, -0.50233, 0, 15.8536, 0, 47.6024, 0, -2.19575e-08, -9.50825, 5.53204, -3.45923)
use_collision = true

[node name="MeshInstance3D" type="MeshInstance3D" parent="Wall3"]
mesh = SubResource("BoxMesh_1dao2")
